1 
18 
17 
26 
11 
10 
9 
12 
13 
50 
51 
61 
60 
59 
93 
92 
97 
98 
96 
95 
94 
165 
166 
167 
164 
136 
137 
122 
121 
123 
124 
125 
129 
128 
127 
213 
214 
224 
225 
226 
227 
228 
272 
271 
270 
182 
106 
107 
108 
109 
170 
171 
172 
173 
174 
218 
256 
257 
258 
259 
255 
254 
233 
232 
216 
215 
283 
282 
294 
295 
296 
273 
274 
275 
238 
237 
236 
235 
239 
240 
241 
242 
306 
307 
308 
209 
208 
207 
206 
114 
113 
112 
111 
115 
116 
117 
118 
52 
53 
54 
49 
48 
47 
46 
45 
147 
148 
130 
131 
132 
229 
293 
292 
386 
387 
435 
434 
436 
437 
438 
439 
440 
344 
345 
346 
347 
310 
309 
366 
367 
289 
290 
291 
311 
253 
252 
251 
211 
210 
212 
234 
276 
277 
297 
298 
299 
300 
301 
197 
198 
196 
195 
194 
199 
200 
320 
321 
322 
319 
318 
205 
201 
243 
244 
245 
246 
340 
339 
341 
342 
343 
402 
403 
401 
400 
384 
385 
383 
382 
327 
326 
325 
324 
441 
442 
443 
390 
389 
391 
392 
418 
302 
248 
249 
250 
415 
421 
422 
420 
419 
528 
620 
619 
599 
598 
652 
651 
650 
765 
766 
767 
768 
837 
838 
839 
840 
841 
842 
740 
741 
628 
629 
637 
638 
536 
535 
537 
534 
533 
472 
471 
470 
473 
474 
475 
476 
477 
478 
591 
590 
589 
588 
587 
655 
654 
653 
698 
806 
807 
805 
903 
902 
901 
904 
905 
906 
899 
900 
890 
889 
891 
892 
893 
962 
947 
946 
945 
944 
971 
970 
969 
972 
968 
940 
1036 
1037 
998 
999 
894 
895 
963 
964 
965 
966 
967 
1000 
1001 
1002 
929 
928 
930 
931 
932 
933 
934 
941 
992 
1047 
1048 
1049 
1050 
1051 
1052 
973 
974 
997 
996 
995 
1102 
1103 
1104 
1105 
1146 
1145 
1147 
1148 
1166 
1165 
1167 
1144 
1127 
1128 
1129 
1130 
1120 
1086 
989 
988 
1054 
1055 
1056 
1057 
993 
994 
1021 
1022 
1023 
1024 
1025 
1026 
1027 
1028 
1029 
1030 
979 
980 
981 
872 
871 
870 
853 
854 
855 
856 
857 
858 
859 
860 
861 
862 
760 
759 
761 
884 
885 
886 
887 
977 
978 
943 
942 
948 
949 
950 
951 
952 
953 
1053 
954 
955 
1070 
1069 
1068 
1071 
1072 
1073 
1074 
1087 
1088 
912 
911 
882 
881 
880 
780 
781 
782 
783 
784 
785 
773 
774 
775 
776 
693 
692 
610 
609 
488 
487 
399 
529 
642 
643 
641 
646 
647 
645 
763 
764 
649 
608 
607 
606 
605 
604 
600 
601 
602 
603 
543 
544 
558 
557 
559 
560 
561 
593 
592 
546 
547 
548 
622 
621 
717 
718 
716 
719 
813 
814 
757 
758 
756 
755 
769 
683 
682 
681 
847 
846 
918 
917 
919 
920 
921 
922 
987 
986 
985 
984 
1038 
1039 
990 
991 
938 
939 
1031 
1032 
1033 
1034 
927 
926 
925 
1005 
1006 
1007 
1131 
1132 
1133 
1134 
1135 
1136 
1137 
1258 
1259 
1260 
1261 
1257 
1256 
1243 
1242 
1241 
1244 
1266 
1265 
1290 
1262 
1263 
1264 
1269 
1268 
1267 
1189 
1190 
1191 
1192 
1174 
1175 
1138 
1139 
1140 
1328 
1329 
1330 
1327 
1208 
1209 
1287 
1286 
1196 
1164 
1163 
1168 
1077 
1078 
671 
672 
673 
670 
669 
668 
667 
795 
794 
843 
844 
835 
834 
836 
662 
663 
614 
615 
616 
553 
554 
555 
556 
630 
631 
542 
541 
540 
539 
538 
532 
531 
611 
706 
705 
704 
703 
702 
701 
707 
830 
831 
829 
772 
713 
712 
711 
710 
537 
665 
664 
666 
699 
698 
632 
633 
634 
552 
551 
550 
549 
568 
567 
569 
570 
694 
816 
817 
818 
819 
820 
821 
822 
823 
824 
853 
852 
856 
983 
982 
981 
771 
770 
777 
778 
779 
657 
658 
659 
660 
661 
572 
571 
739 
848 
849 
850 
851 
808 
640 
641 
639 
638 
648 
697 
696 
684 
685 
686 
687 
688 
689 
690 
691 
729 
730 
731 
732 
545 
598 
597 
562 
563 
564 
362 
361 
360 
255 
188 
187 
189 
190 
191 
192 
193 
126 
127 
14 
133 
134 
135 
153 
152 
154 
155 
268 
267 
266 
347 
348 
346 
478 
479 
480 
389 
312 
311 
313 
417 
416 
415 
416 
415 
285 
286 
287 
288 
290 
288 
285 
459 
458 
395 
396 
397 
396 
397 
398 
397 
398 
399 
371 
388 
487 
489 
490 
489 
486 
485 
484 
485 
515 
516 
517 
516 
517 
518 
519 
517 
516 
515 
516 
428 
398 
397 
399 
397 
273 
274 
127 
146 
148 
149 
148 
149 
150 
151 
152 
151 
150 
151 
81 
82 
81 
80 
81 
82 
45 
44 
18 
19 
29 
28 
27 
142 
143 
142 
143 
144 
145 
146 
148 
149 
100 
99 
98 
99 
180 
179 
180 
181 
182 
118 
101 
102 
101 
102 
101 
220 
143 
144 
145 
144 
145 
79 
80 
81 
78 
35 
36 
116 
154 
155 
156 
157 
158 
159 
158 
159 
160 
251 
250 
313 
314 
315 
316 
327 
328 
329 
330 
329 
269 
274 
163 
164 
163 
162 
161 
160 
158 
161 
158 
161 
162 
163 
162 
161 
162 
277 
276 
395 
396 
464 
463 
464 
465 
464 
465 
464 
466 
467 
464 
463 
522 
523 
522 
521 
520 
521 
520 
468 
469 
468 
376 
375 
374 
373 
372 
373 
372 
393 
392 
393 
328 
329 
380 
379 
585 
586 
587 
448 
449 
448 
447 
448 
447 
448 
450 
451 
490 
524 
523 
522 
513 
514 
513 
514 
515 
514 
515 
406 
405 
404 
405 
404 
405 
407 
408 
388 
391 
394 
329 
328 
323 
322 
450 
451 
424 
425 
426 
425 
519 
514 
761 
762 
761 
762 
684 
685 
684 
685 
684 
685 
684 
685 
684 
683 
684 
686 
728 
727 
726 
730 
845 
908 
907 
906 
907 
908 
812 
813 
812 
811 
810 
811 
880 
772 
851 
1046 
1108 
1107 
1108 
1107 
1108 
1109 
1108 
1109 
1110 
1109 
1108 
1109 
1110 
1111 
1112 
1111 
1112 
1113 
1114 
1113 
1114 
1058 
1059 
1060 
1061 
1060 
1061 
1060 
1061 
1062 
1063 
1062 
1064 
1065 
1066 
1067 
1066 
1011 
1012 
1013 
1012 
1013 
1014 
1013 
896 
897 
898 
897 
896 
895 
894 
796 
730 
731 
719 
803 
810 
809 
810 
809 
704 
721 
722 
721 
720 
702 
701 
702 
627 
628 
597 
596 
595 
596 
595 
596 
597 
596 
595 
596 
595 
645 
530 
531 
530 
529 
549 
547 
549 
426 
427 
530 
529 
656 
564 
563 
564 
565 
564 
565 
564 
565 
443 
430 
431 
430 
431 
430 
431 
430 
429 
428 
429 
428 
427 
425 
424 
423 
425 
511 
512 
444 
317 
316 
314 
311 
204 
71 
72 
71 
70 
69 
71 
73 
74 
73 
125 
58 
57 
56 
57 
56 
57 
43 
114 
115 
116 
115 
116 
115 
114 
116 
118 
119 
19 
20 
19 
150 
91 
103 
104 
105 
104 
90 
92 
89 
88 
87 
86 
85 
86 
87 
88 
204 
203 
204 
203 
114 
15 
16 
17 
18 
20 
118 
166 
167 
168 
167 
168 
169 
168 
186 
189 
192 
245 
246 
245 
246 
247 
248 
247 
314 
310 
280 
146 
208 
291 
290 
291 
290 
359 
360 
361 
230 
231 
230 
231 
151 
152 
151 
21 
20 
21 
22 
21 
20 
21 
110 
220 
219 
221 
219 
217 
219 
217 
219 
349 
350 
351 
352 
353 
224 
223 
341 
309 
307 
309 
203 
204 
203 
202 
203 
202 
201 
200 
201 
200 
201 
215 
216 
215 
295 
296 
295 
179 
178 
142 
141 
142 
118 
119 
120 
142 
141 
142 
141 
140 
141 
140 
139 
138 
139 
146 
140 
118 
65 
66 
65 
66 
65 
64 
63 
64 
63 
62 
63 
64 
63 
62 
63 
62 
63 
59 
84 
83 
82 
83 
78 
77 
7 
6 
7 
8 
9 
89 
88 
89 
181 
182 
183 
184 
185 
231 
192 
322 
412 
411 
394 
423 
532 
531 
532 
651 
650 
651 
654 
653 
654 
653 
654 
653 
652 
651 
652 
688 
686 
688 
689 
655 
656 
655 
656 
592 
593 
592 
694 
723 
724 
723 
724 
725 
639 
558 
557 
501 
500 
501 
502 
501 
502 
503 
504 
505 
506 
505 
504 
503 
502 
585 
623 
622 
623 
907 
798 
797 
798 
799 
798 
800 
798 
908 
909 
910 
1017 
1018 
1034 
1033 
1034 
1035 
1269 
1270 
1269 
1270 
1271 
1270 
1410 
1411 
1410 
1411 
1410 
1411 
1465 
1466 
1467 
1466 
1467 
1466 
1467 
1468 
1467 
1466 
1465 
1464 
1346 
1347 
1408 
1409 
1410 
1492 
1493 
1362 
1361 
1362 
1361 
1327 
1349 
1348 
1271 
1379 
1404 
1403 
1402 
1500 
1501 
1502 
1501 
1500 
1499 
1498 
1499 
1558 
1559 
1558 
1679 
1680 
1681 
1680 
1679 
1680 
1681 
1682 
1683 
1684 
1685 
1787 
1788 
1787 
1786 
1787 
1786 
1785 
1786 
1787 
1788 
1789 
1790 
1791 
1792 
1793 
1794 
1795 
1794 
1795 
1796 
1795 
1924 
1925 
1926 
1927 
1834 
1835 
1834 
1833 
1834 
1809 
1865 
1974 
1973 
1974 
1944 
1945 
1944 
1945 
1946 
1947 
1946 
1945 
1946 
1945 
1946 
1947 
1946 
1945 
1944 
1956 
1957 
1958 
2038 
2037 
2036 
2035 
2036 
2037 
2038 
2039 
2038 
2040 
2041 
2042 
2043 
2044 
2043 
2044 
2043 
2044 
2045 
2044 
2045 
2044 
2043 
2044 
2045 
2044 
2043 
2044 
2045 
2046 
2047 
2048 
2173 
2088 
2089 
2055 
2056 
2057 
2056 
2055 
2054 
2055 
2056 
2057 
2058 
2059 
1951 
1950 
1951 
1952 
1951 
1950 
1949 
2005 
2006 
2007 
2006 
2007 
2120 
2119 
2120 
2119 
2118 
2119 
2118 
2231 
2230 
2231 
2131 
2130 
2129 
2128 
2093 
2092 
2091 
1945 
1950 
1808 
1807 
1806 
1805 
1828 
1827 
1829 
1827 
1970 
1971 
1970 
1969 
1970 
1971 
1972 
1971 
1972 
1973 
1972 
1971 
1970 
1866 
1867 
1876 
1877 
1959 
1958 
1950 
1951 
1952 
1881 
1882 
1881 
1812 
1720 
1721 
1722 
1842 
1892 
1893 
1894 
1893 
1894 
1893 
1892 
1891 
1812 
1811 
1812 
1811 
1810 
1811 
1812 
1811 
1812 
1813 
1812 
1813 
1814 
1813 
1852 
1853 
1852 
1853 
1704 
1703 
1702 
1703 
1682 
1683 
1684 
1685 
1684 
1683 
1684 
1685 
1686 
1685 
1711 
1573 
1574 
1575 
1576 
1651 
1650 
1651 
1652 
1530 
1529 
1530 
1646 
1645 
1646 
1647 
1646 
1645 
1646 
1647 
1704 
1703 
1702 
1703 
1772 
1852 
1924 
1793 
1792 
1793 
1794 
1792 
1791 
1790 
1791 
1792 
1794 
1656 
1655 
1654 
1655 
1656 
1657 
1656 
1657 
1658 
1659 
1660 
1659 
1660 
1659 
1660 
1659 
1660 
1661 
1662 
1663 
1662 
1663 
1664 
1665 
1664 
1665 
1664 
1542 
1543 
1544 
1543 
1542 
1541 
1540 
1539 
1540 
1541 
1674 
1675 
1674 
1769 
1631 
1632 
1633 
1632 
1761 
1762 
1763 
1764 
1765 
1766 
1767 
1872 
1873 
1874 
1872 
1933 
1932 
1931 
1930 
1929 
2026 
2025 
2026 
2025 
2026 
2025 
2024 
2023 
1935 
1940 
1941 
1940 
1939 
1938 
1939 
1966 
1815 
1816 
1815 
1814 
1815 
1816 
1834 
1835 
1834 
1835 
1836 
1837 
1838 
1839 
1840 
1839 
1840 
1841 
1840 
1841 
1842 
1841 
1842 
1841 
1842 
1841 
1842 
1843 
1844 
1845 
1844 
1843 
1918 
1919 
1920 
1921 
1922 
1923 
1859 
1858 
1857 
1858 
1859 
1860 
1861 
1862 
1863 
1862 
1861 
1862 
1863 
1862 
1861 
1862 
1800 
1799 
1798 
1799 
1800 
1801 
1802 
1803 
1804 
1805 
1806 
1805 
1677 
1678 
1677 
1678 
1679 
1680 
1679 
1788 
1789 
1788 
1787 
1788 
1789 
1790 
1791 
1792 
1794 
1795 
1796 
1795 
1794 
1795 
1794 
1795 
1794 
1795 
1796 
1797 
1796 
1797 
1796 
1795 
1796 
1797 
1798 
1797 
1796 
1797 
1796 
1797 
1798 
1797 
1798 
1690 
1691 
1690 
1689 
1835 
1834 
1835 
1886 
1887 
1886 
1885 
1886 
1887 
1888 
1996 
1995 
2047 
2048 
2049 
2048 
2047 
2048 
2047 
2074 
2075 
2027 
2028 
2027 
2026 
2025 
2026 
2025 
2026 
2027 
2025 
2024 
2025 
2024 
2025 
2027 
1904 
1903 
1904 
1905 
1906 
1907 
1905 
1904 
1903 
1904 
1903 
1902 
1903 
1904 
1905 
1968 
1967 
1968 
2075 
2076 
2077 
2076 
2077 
2078 
2122 
2121 
2122 
2121 
2120 
2121 
2122 
2155 
2156 
2194 
2193 
2192 
2193 
2192 
2134 
2094 
2093 
2092 
2093 
2092 
2093 
2094 
2093 
2092 
2091 
2090 
2089 
2088 
2210 
2209 
2208 
2207 
2252 
2251 
2252 
2253 
2252 
2253 
2314 
2192 
2191 
2190 
2191 
2192 
2081 
2082 
2081 
2082 
2132 
2133 
2132 
2133 
2132 
2131 
2278 
2319 
2320 
2321 
2320 
2321 
2320 
2319 
2320 
2321 
2268 
2267 
2268 
2267 
2266 
2161 
2160 
2159 
2160 
2159 
2298 
2433 
2432 
2431 
2432 
2434 
2435 
2434 
2435 
2434 
2435 
2300 
2301 
2300 
2299 
2298 
2299 
2298 
2297 
2374 
2373 
2374 
2375 
2376 
2347 
2348 
2346 
2345 
2344 
2343 
2342 
2341 
2340 
2341 
2342 
2341 
2340 
2341 
2340 
2210 
2211 
2212 
2213 
2214 
2215 
2214 
2215 
2216 
2217 
2216 
2080 
2081 
2082 
2081 
2082 
2083 
2082 
2083 
2084 
2228 
2229 
2230 
2229 
2230 
2231 
2232 
2231 
2230 
2231 
2230 
2231 
2232 
2231 
2230 
2231 
2230 
2229 
2230 
2231 
2232 
2233 
2234 
2235 
2225 
2226 
2227 
2226 
2227 
2228 
2229 
2154 
2156 
2193 
2192 
2194 
2195 
2196 
2195 
2194 
2110 
2109 
2108 
2107 
2108 
1973 
1974 
1973 
1972 
1973 
1974 
1975 
1974 
1973 
1972 
1973 
1884 
1883 
1882 
1883 
1884 
1885 
1799 
1798 
1799 
1798 
1799 
1800 
1801 
1802 
1803 
1802 
1803 
1802 
1719 
1764 
1808 
1807 
1806 
1805 
1848 
1849 
1808 
1807 
1808 
1809 
1808 
1852 
1853 
1854 
1786 
1785 
1786 
1787 
1788 
1787 
1869 
1870 
1869 
1868 
1867 
1868 
1869 
1868 
1867 
1748 
1764 
1765 
1766 
1767 
1766 
1767 
1766 
1767 
1766 
1767 
1768 
1769 
1768 
1769 
1768 
1623 
1622 
1623 
1622 
1621 
1687 
1688 
1689 
1688 
1689 
1688 
1749 
1750 
1751 
1752 
1753 
1754 
1755 
1756 
1757 
1756 
1843 
1844 
1843 
1845 
1876 
1877 
1876 
1875 
1753 
1752 
1753 
1625 
1624 
1623 
1658 
1659 
1780 
1799 
1798 
1903 
1867 
1868 
1988 
1880 
1879 
1880 
1879 
1880 
1881 
1882 
1883 
2024 
2025 
1931 
1930 
1929 
1930 
1931 
1783 
1782 
1783 
1784 
1695 
1694 
1693 
1692 
1691 
1692 
1693 
1692 
1693 
1694 
1695 
1696 
1713 
1712 
1711 
1710 
1711 
1710 
1711 
1590 
1591 
1590 
1591 
1514 
1515 
1514 
1614 
1613 
1614 
1519 
1404 
1403 
1404 
1405 
1404 
1403 
1404 
1403 
1404 
1405 
1406 
1407 
1408 
1407 
1378 
1379 
1380 
1381 
1382 
1381 
1454 
1453 
1414 
1470 
1469 
1470 
1471 
1404 
1326 
1327 
1329 
1327 
1329 
1330 
1329 
1302 
1301 
1300 
1299 
1300 
1301 
1300 
1298 
1324 
1323 
1322 
1323 
1324 
1323 
1324 
1323 
1322 
1321 
1322 
1323 
1324 
1323 
1324 
1323 
1338 
1335 
1334 
1335 
1334 
1333 
1334 
1335 
1336 
1337 
1336 
1335 
1336 
1203 
1202 
1203 
1202 
1203 
1202 
1201 
1200 
1201 
1202 
1203 
1204 
1203 
1204 
1205 
1206 
1205 
1203 
1205 
1206 
1207 
1206 
1207 
1208 
1209 
1340 
1227 
1228 
1227 
1355 
1356 
1267 
1268 
1393 
1392 
1393 
1392 
1391 
1392 
1393 
1392 
1391 
1390 
1389 
1390 
1391 
1392 
1393 
1394 
1393 
1394 
1395 
1396 
1395 
1396 
1395 
1394 
1395 
1396 
1397 
1398 
1397 
1347 
1346 
1347 
1348 
1349 
1348 
1251 
1110 
1111 
1056 
1057 
1056 
1055 
1054 
1055 
1056 
1057 
1058 
1059 
1060 
1197 
1198 
1199 
1200 
1201 
1202 
1203 
1053 
1054 
1055 
1054 
1055 
1054 
1055 
1054 
1053 
960 
961 
960 
961 
1010 
1011 
1012 
1013 
974 
973 
974 
975 
976 
975 
976 
977 
978 
979 
977 
1154 
1160 
1161 
1160 
1292 
1291 
1292 
1293 
1292 
1293 
1291 
1238 
1237 
1236 
1237 
1238 
1285 
1284 
1285 
1286 
1287 
1288 
1289 
1288 
1289 
1221 
1222 
1223 
1224 
1223 
1222 
1223 
1222 
1221 
1223 
1224 
1196 
1197 
1198 
1215 
1214 
1215 
1214 
1215 
1216 
1217 
1218 
1217 
1218 
1298 
1297 
1296 
1297 
1298 
1300 
1301 
1300 
1192 
1182 
1183 
1184 
1185 
1186 
1185 
1184 
1157 
1156 
1155 
1221 
1220 
1221 
1223 
1224 
1225 
1076 
1077 
1078 
1077 
1078 
1077 
1078 
1083 
1084 
1085 
1086 
1087 
1088 
1087 
1202 
1203 
1202 
1090 
1091 
1092 
1091 
1117 
1116 
1163 
1162 
1161 
1160 
1161 
1149 
1148 
1149 
1148 
1125 
1126 
1125 
1126 
1271 
1272 
1155 
1154 
1155 
1156 
1157 
1158 
1157 
1156 
1160 
1159 
1158 
1159 
1160 
1161 
1162 
1161 
1160 
1159 
1186 
1187 
1193 
1194 
1193 
1194 
1195 
1196 
1197 
1198 
1199 
1201 
1371 
1370 
1369 
1370 
1455 
1515 
1516 
1517 
1518 
1517 
1518 
1517 
1422 
1421 
1367 
1366 
1367 
1368 
1367 
1366 
1367 
1366 
1365 
1386 
1387 
1388 
1389 
1388 
1389 
1390 
1391 
1392 
1391 
1392 
1391 
1392 
1393 
1394 
1393 
1394 
1393 
1392 
1464 
1395 
1396 
1395 
1394 
1395 
1525 
1524 
1523 
1661 
1662 
1663 
1775 
1776 
1777 
1778 
1779 
1778 
1779 
1778 
1780 
1781 
1782 
1781 
1715 
1714 
1713 
1714 
1713 
1714 
1713 
1733 
1596 
1595 
1596 
1595 
1596 
1597 
1598 
1597 
1598 
1599 
1525 
1524 
1525 
1524 
1668 
1669 
1668 
1669 
1668 
1669 
1670 
1671 
1670 
1671 
1670 
1669 
1670 
1671 
1672 
1671 
1672 
1671 
1672 
1673 
1567 
1515 
1467 
1468 
1467 
1468 
1469 
1470 
1471 
1472 
1459 
1458 
1459 
1458 
1460 
1496 
1495 
1494 
1495 
1494 
1495 
1494 
1493 
1432 
1433 
1434 
1541 
1566 
1565 
1564 
1565 
1566 
1567 
1566 
1565 
1564 
1563 
1564 
1563 
1562 
1563 
1562 
1563 
1564 
1565 
1564 
1565 
1566 
1613 
1612 
1611 
1612 
1613 
1612 
1611 
1612 
1611 
1662 
1663 
1664 
1665 
1666 
1665 
1666 
1665 
1797 
1796 
1797 
1796 
1797 
1796 
1797 
1783 
1784 
1783 
1782 
1783 
1784 
1712 
1711 
1710 
1709 
1582 
1538 
1539 
1538 
1589 
1590 
1589 
1588 
1587 
1586 
1604 
1603 
1602 
1603 
1638 
1637 
1638 
1639 
1640 
1641 
1642 
1643 
1642 
1643 
1644 
1643 
1644 
1643 
1644 
1643 
1644 
1625 
1626 
1625 
1626 
1627 
1628 
1629 
1628 
1629 
1630 
1629 
1630 
1629 
1628 
1713 
1712 
1713 
1721 
1722 
1613 
1614 
1613 
1614 
1615 
1616 
1608 
1607 
1608 
1607 
1606 
1630 
1631 
1633 
1760 
1688 
1811 
1810 
1809 
1946 
1945 
1946 
1947 
1946 
1945 
1946 
1947 
1948 
2090 
2088 
2087 
2088 
2090 
2088 
2090 
2091 
2092 
1993 
1994 
1903 
1902 
1903 
2045 
2044 
2045 
2044 
2045 
2047 
2138 
2139 
2140 
2141 
2082 
2083 
2084 
2083 
2084 
2085 
2086 
2085 
2086 
2085 
2086 
2101 
2100 
2101 
2100 
2099 
2100 
2099 
2100 
2102 
2103 
2104 
2012 
2011 
2010 
2058 
2059 
2031 
2032 
2033 
2034 
2035 
2034 
2033 
2034 
2035 
2034 
2006 
2007 
2008 
2007 
2008 
2009 
2010 
2011 
2012 
2011 
2014 
2015 
2016 
2015 
2016 
2015 
2014 
2013 
2012 
2013 
2014 
2015 
2014 
2015 
1937 
2000 
1999 
1865 
1775 
1776 
1775 
1776 
1775 
1776 
1777 
1776 
1775 
1868 
1869 
1870 
1871 
1870 
1871 
1870 
1871 
1872 
1874 
1875 
1835 
1836 
1837 
1838 
1839 
1841 
1705 
1789 
1872 
1874 
1875 
1876 
1878 
1879 
1880 
1881 
1882 
1891 
1742 
1743 
1739 
1740 
1739 
1738 
1737 
1736 
1737 
1832 
1778 
1777 
1778 
1855 
1856 
1962 
1961 
1962 
1963 
1962 
1961 
1960 
1959 
1958 
1959 
1958 
1957 
1956 
1955 
1956 
1955 
1956 
2036 
2037 
2036 
2034 
2033 
2034 
2036 
2037 
2038 
2040 
2041 
2040 
2041 
2042 
1971 
1903 
1902 
1809 
1810 
1809 
1926 
1925 
1926 
1778 
1777 
1776 
1777 
1778 
1780 
1698 
1699 
1698 
1697 
1698 
1699 
1698 
1727 
1728 
1729 
1728 
1729 
1728 
1772 
1773 
1772 
1773 
1772 
1776 
1777 
1778 
1780 
1781 
1780 
1777 
1763 
1762 
1637 
1638 
1708 
1707 
1706 
1707 
1708 
1707 
1708 
1709 
1708 
1709 
1708 
1707 
1664 
1663 
1664 
1665 
1666 
1665 
1664 
1665 
1664 
1730 
1731 
1730 
1731 
1732 
1733 
1671 
1670 
1669 
1668 
1669 
1670 
1669 
1684 
1685 
1686 
1688 
1689 
1825 
1826 
1731 
1730 
1731 
1732 
1733 
1706 
1705 
1706 
1707 
1706 
1705 
1706 
1704 
1656 
1657 
1656 
1657 
1656 
1577 
1578 
1507 
1508 
1509 
1510 
1511 
1510 
1509 
1508 
1509 
1510 
1511 
1510 
1509 
1510 
1509 
1508 
1509 
1510 
1511 
1512 
1513 
1512 
1513 
1628 
1627 
1628 
1627 
1626 
1625 
1478 
1477 
1476 
1477 
1478 
1479 
1480 
1479 
1496 
1497 
1496 
1497 
1496 
1495 
1496 
1495 
1496 
1497 
1496 
1495 
1502 
1503 
1504 
1505 
1504 
1503 
1504 
1503 
1502 
1501 
1500 
1499 
1536 
1594 
1595 
1538 
1539 
1538 
1539 
1540 
1539 
1681 
1680 
1681 
1764 
1822 
1895 
1896 
1897 
1898 
1897 
1896 
1790 
1791 
1894 
1790 
1789 
1788 
1789 
1838 
1839 
1832 
1831 
1832 
1834 
1835 
1955 
1836 
1835 
1836 
1835 
1836 
1837 
1838 
1837 
1836 
1837 
1838 
1839 
1842 
1822 
1791 
1792 
1701 
1700 
1701 
1702 
1600 
1601 
1602 
1603 
1605 
1606 
1467 
1468 
1469 
1470 
1471 
1472 
1471 
1472 
1471 
1472 
1473 
1474 
1473 
1474 
1475 
1474 
1473 
1474 
1475 
1474 
1475 
1476 
1477 
1478 
1479 
1478 
1479 
1478 
1591 
1590 
1591 
1452 
1451 
1544 
1545 
1546 
1547 
1548 
1547 
1548 
1549 
1558 
1557 
1556 
1557 
1559 
1560 
1561 
1562 
1563 
1562 
1563 
1562 
1563 
1562 
1599 
1598 
1599 
1598 
1597 
1742 
1695 
1694 
1693 
1694 
1695 
1696 
1697 
1696 
1695 
1697 
1698 
1645 
1714 
1637 
1636 
1637 
1636 
1635 
1636 
1637 
1636 
1637 
1638 
1637 
1638 
1639 
1638 
1639 
1640 
1713 
1714 
1715 
1714 
1715 
1576 
1575 
1576 
1575 
1576 
1577 
1440 
1439 
1441 
1442 
1443 
1309 
1310 
1311 
1312 
1311 
1310 
1311 
1347 
1348 
1347 
1346 
1347 
1346 
1345 
1452 
1406 
1407 
1408 
1407 
1408 
1409 
1408 
1409 
1408 
1407 
1406 
1405 
1404 
1403 
1402 
1403 
1404 
1403 
1402 
1403 
1404 
1542 
1543 
1542 
1543 
1580 
1581 
1644 
1645 
1646 
1712 
1711 
1710 
1711 
1712 
1713 
1715 
1716 
1715 
1713 
1715 
1703 
1702 
1703 
1789 
1790 
1789 
1788 
1787 
1786 
1787 
1788 
1675 
1674 
1675 
1676 
1580 
1581 
1564 
1563 
1686 
1685 
1688 
1752 
1753 
1754 
1755 
1756 
1755 
1756 
1757 
1758 
1759 
1760 
1759 
1760 
1761 
1762 
1690 
1593 
1594 
1484 
1483 
1482 
1481 
1528 
1527 
1482 
1433 
1434 
1435 
1434 
1435 
1436 
1435 
1436 
1437 
1436 
1435 
1436 
1437 
1436 
1437 
1438 
1437 
1446 
1447 
1446 
1445 
1446 
1445 
1446 
1447 
1448 
1449 
1450 
1460 
1461 
1462 
1461 
1521 
1657 
1658 
1657 
1656 
1655 
1656 
1657 
1656 
1655 
1656 
1655 
1654 
1653 
1654 
1653 
1652 
1653 
1652 
1653 
1652 
1651 
1650 
1584 
1583 
1582 
1583 
1582 
1583 
1582 
1581 
1582 
1583 
1554 
1555 
1637 
1638 
1639 
1640 
1641 
1642 
1643 
1642 
1641 
1642 
1643 
1642 
1641 
1642 
1643 
1642 
1644 
1645 
1646 
1647 
1776 
1777 
1783 
1784 
1785 
1784 
1783 
1784 
1880 
1881 
1880 
1879 
1880 
1879 
1878 
1879 
1880 
1881 
1880 
1879 
1880 
1955 
1956 
1955 
1954 
1975 
1976 
1975 
1974 
1975 
2115 
2116 
2117 
2118 
2117 
2118 
2119 
2118 
2117 
2118 
2119 
2120 
2119 
2120 
2008 
2009 
2008 
2007 
2006 
2007 
2008 
2009 
1927 
1926 
1925 
1926 
1927 
1971 
1972 
1971 
1970 
1971 
2104 
2105 
2106 
2107 
2106 
2105 
2106 
2107 
2108 
1993 
1994 
1995 
1994 
1995 
1994 
2038 
2037 
2038 
2037 
2038 
2025 
2027 
2028 
1994 
1995 
1994 
1993 
1994 
1995 
1994 
2113 
2114 
2113 
2128 
2127 
2128 
2129 
2128 
2249 
2248 
2247 
2356 
2355 
2356 
2357 
2356 
2355 
2467 
2468 
2467 
2466 
2467 
2466 
2467 
2466 
2467 
2469 
2470 
2471 
2409 
2410 
2409 
2410 
2409 
2408 
2407 
2406 
2407 
2408 
2409 
2410 
2381 
2382 
2383 
2382 
2243 
2242 
2243 
2244 
2336 
2337 
2336 
2455 
2454 
2455 
2456 
2457 
2456 
2328 
2327 
2326 
2327 
2328 
2284 
2283 
2412 
2413 
2414 
2275 
2276 
2277 
2278 
2279 
2189 
2190 
2249 
2248 
2249 
2250 
2249 
2100 
2177 
2176 
2175 
2061 
2060 
2047 
2048 
2047 
2105 
2104 
2019 
2018 
2017 
2018 
1919 
1918 
1917 
1918 
1919 
1920 
1921 
1922 
1923 
1925 
1926 
1911 
1912 
1911 
1912 
1859 
1858 
1872 
1871 
1870 
1941 
1942 
1943 
1944 
1945 
1946 
1945 
1947 
1939 
1940 
1939 
1940 
1939 
1938 
1939 
1940 
1939 
1938 
1939 
1938 
1939 
1938 
1937 
1938 
1893 
1945 
2010 
2011 
2012 
2011 
2012 
2011 
2013 
1929 
1928 
1785 
1786 
1787 
1786 
1787 
1786 
1785 
1784 
1817 
1818 
1817 
1816 
1817 
1816 
1815 
1814 
1815 
1814 
1815 
1814 
1813 
1857 
1856 
1855 
1856 
1855 
1856 
1857 
1858 
1859 
1858 
1857 
1858 
1857 
1856 
1857 
1753 
1754 
1753 
1659 
1660 
1659 
1660 
1661 
1662 
1611 
1610 
1609 
1608 
1701 
1700 
1701 
1702 
1703 
1704 
1678 
1699 
1698 
1699 
1620 
1621 
1622 
1620 
1622 
1488 
1497 
1519 
1392 
1391 
1392 
1393 
1394 
1393 
1394 
1393 
1394 
1278 
1279 
1278 
1390 
1389 
1388 
1389 
1317 
1316 
1315 
1316 
1434 
1435 
1434 
1435 
1434 
1435 
1434 
1435 
1434 
1435 
1295 
1294 
1293 
1231 
1306 
1305 
1304 
1305 
1304 
1305 
1306 
1307 
1308 
1312 
1311 
1310 
1309 
1310 
1311 
1312 
1311 
1224 
1223 
1224 
1223 
1224 
1225 
1173 
1174 
1175 
1176 
1177 
1176 
1177 
1178 
1179 
1248 
1249 
1250 
1251 
1250 
1249 
1248 
1249 
1250 
1251 
1391 
1390 
1391 
1392 
1393 
1439 
1441 
1447 
1448 
1449 
1354 
1355 
1356 
1357 
1467 
1468 
1469 
1470 
1471 
1391 
1390 
1389 
1390 
1391 
1392 
1393 
1392 
1393 
1394 
1393 
1392 
1391 
1390 
1391 
1390 
1389 
1390 
1389 
1390 
1391 
1390 
1391 
1392 
1393 
1394 
1393 
1394 
1395 
1396 
1397 
1396 
1397 
1398 
1397 
1396 
1395 
1394 
1395 
1394 
1393 
1394 
1393 
1392 
1393 
1392 
1510 
1511 
1512 
1513 
1512 
1511 
1500 
1499 
1498 
1425 
1424 
1425 
1426 
1425 
1424 
1425 
1424 
1425 
1426 
1425 
1426 
1501 
1503 
1504 
1505 
1627 
1681 
1680 
1681 
1682 
1683 
1684 
1683 
1682 
1683 
1688 
1689 
1688 
1575 
1576 
1577 
1475 
1474 
1475 
1474 
1473 
1472 
1471 
1470 
1471 
1470 
1471 
1472 
1471 
1498 
1497 
1378 
1379 
1373 
1372 
1371 
1370 
1228 
1229 
1228 
1227 
1226 
1227 
1228 
1229 
1228 
1227 
1228 
1229 
1228 
1229 
1228 
1229 
1230 
1364 
1249 
1248 
1249 
1322 
1321 
1404 
1405 
1406 
1407 
1543 
1542 
1543 
1544 
1658 
1657 
1800 
1801 
1800 
1799 
1800 
1801 
1800 
1801 
1948 
1863 
1862 
1850 
1722 
1592 
1713 
1776 
1777 
1776 
1775 
1776 
1777 
1776 
1667 
1624 
1625 
1626 
1627 
1767 
1768 
1812 
1813 
1695 
1697 
1698 
1699 
1839 
1869 
1918 
1919 
1785 
1786 
1897 
1898 
1899 
1900 
1901 
1914 
1915 
1914 
1913 
1984 
1983 
2073 
2072 
2153 
2152 
2153 
2152 
2153 
2152 
2153 
2154 
2153 
2154 
2161 
2160 
2159 
2160 
2161 
2160 
2179 
2178 
2179 
2180 
2179 
2180 
2181 
2182 
2290 
2279 
2280 
2281 
2282 
2281 
2280 
2279 
2280 
2281 
2282 
2281 
2280 
2281 
2282 
2281 
2282 
2283 
2282 
2398 
2397 
2398 
2397 
2396 
2397 
2398 
2397 
2396 
2397 
2398 
2397 
2396 
2395 
2396 
2397 
2457 
2308 
2309 
2308 
2307 
2306 
2305 
2304 
2303 
2304 
2305 
2306 
2305 
2306 
2307 
2308 
2309 
2207 
2208 
2209 
2208 
2209 
2210 
2209 
2210 
2209 
2208 
2207 
2206 
2205 
2206 
2207 
2208 
2209 
2210 
2303 
2302 
2303 
2304 
2303 
2302 
2301 
2300 
2299 
2259 
2258 
2259 
2258 
2257 
2258 
2130 
2131 
2132 
2133 
2134 
2133 
2132 
2131 
2130 
2131 
2130 
2129 
2128 
2115 
2116 
2117 
2116 
2207 
2208 
2207 
2321 
2322 
2401 
2309 
2310 
2311 
2312 
2311 
2310 
2309 
2308 
2307 
2306 
2307 
2190 
2191 
2192 
2327 
2328 
2329 
2330 
2329 
2328 
2327 
2326 
2325 
2326 
2325 
2326 
2327 
2326 
2327 
2328 
2327 
2328 
2329 
2328 
2327 
2345 
2344 
2343 
2342 
2343 
2344 
2345 
2346 
2353 
2354 
2355 
2356 
2355 
2356 
2357 
2356 
2357 
2356 
2461 
2462 
2461 
2462 
2463 
2462 
2461 
2462 
2461 
2462 
2463 
2573 
2574 
2573 
2574 
2575 
2576 
2575 
2576 
2577 
2576 
2575 
2574 
2575 
2576 
2575 
2576 
2577 
2578 
2577 
2578 
2579 
2580 
2581 
2582 
2581 
2582 
2583 
2584 
2542 
2543 
2542 
2543 
2542 
2543 
2544 
2543 
2649 
2546 
2547 
2546 
2547 
2548 
2549 
2550 
2551 
2550 
2549 
2548 
2547 
2546 
2545 
2544 
2543 
2544 
2545 
2546 
2481 
2363 
2364 
2365 
2366 
2367 
2366 
2367 
2368 
2367 
2368 
2367 
2366 
2367 
2368 
2325 
2326 
2327 
2328 
2329 
2330 
2329 
2312 
2313 
2314 
2313 
2352 
2353 
2354 
2456 
2455 
2454 
2455 
2456 
2455 
2456 
2457 
2363 
2364 
2365 
2310 
2309 
2310 
2309 
2227 
2228 
2227 
2348 
2349 
2348 
2349 
2291 
2290 
2289 
2288 
2287 
2290 
2291 
2292 
2293 
2348 
2349 
2326 
2327 
2326 
2325 
2324 
2325 
2326 
2325 
2324 
2323 
2322 
2323 
2324 
2323 
2324 
2240 
2241 
2240 
2239 
2240 
2241 
2240 
2241 
2240 
2241 
2240 
2239 
2238 
2094 
2093 
2094 
2095 
2096 
1937 
1936 
1935 
1936 
1874 
1908 
1907 
1908 
1905 
1824 
1823 
1822 
1821 
1820 
1821 
1822 
1823 
1682 
1787 
1788 
1670 
1671 
1672 
1551 
1552 
1553 
1554 
1555 
1554 
1555 
1556 
1555 
1556 
1534 
1498 
1499 
1500 
1501 
1500 
1501 
1359 
1504 
1421 
1422 
1421 
1422 
1421 
1422 
1423 
1424 
1423 
1424 
1423 
1422 
1423 
1424 
1425 
1426 
1425 
1424 
1423 
1422 
1421 
1422 
1423 
1424 
1423 
1422 
1423 
1424 
1426 
1268 
1221 
1223 
1224 
1225 
1226 
1225 
1226 
1227 
1228 
1227 
1228 
1229 
1228 
1229 
1230 
1231 
1230 
1229 
1230 
1232 
1233 
1234 
1235 
1234 
1233 
1232 
1230 
1126 
1125 
1124 
1123 
1122 
1121 
1122 
1121 
1120 
1082 
1083 
953 
952 
953 
955 
956 
957 
958 
1060 
1059 
1058 
1057 
1058 
1057 
1056 
1055 
1056 
1054 
912 
913 
873 
990 
937 
973 
974 
975 
976 
977 
965 
964 
963 
961 
960 
959 
885 
886 
885 
747 
748 
778 
715 
716 
566 
565 
566 
565 
566 
565 
566 
567 
566 
567 
566 
567 
566 
565 
566 
597 
596 
597 
512 
513 
512 
372 
373 
374 
451 
452 
453 
454 
512 
513 
512 
511 
512 
513 
512 
511 
510 
372 
492 
491 
492 
493 
494 
493 
494 
493 
494 
493 
494 
481 
482 
483 
337 
336 
337 
338 
337 
338 
337 
338 
337 
336 
335 
279 
280 
370 
371 
433 
432 
433 
353 
354 
355 
354 
353 
354 
316 
317 
318 
189 
192 
193 
69 
71 
73 
74 
73 
71 
7 
8 
9 
82 
83 
166 
167 
168 
167 
166 
219 
221 
219 
221 
222 
223 
222 
221 
222 
221 
222 
223 
282 
283 
284 
283 
284 
283 
284 
215 
216 
215 
214 
215 
214 
66 
67 
68 
69 
17 
16 
17 
18 
125 
168 
169 
170 
182 
183 
279 
280 
281 
282 
367 
366 
365 
366 
399 
295 
247 
248 
247 
248 
247 
288 
349 
350 
351 
350 
351 
350 
351 
352 
353 
354 
355 
356 
355 
354 
353 
201 
202 
203 
202 
203 
202 
98 
99 
100 
99 
98 
97 
96 
30 
85 
183 
182 
183 
184 
185 
94 
95 
96 
97 
96 
97 
166 
162 
76 
77 
78 
58 
59 
58 
57 
58 
57 
58 
57 
56 
169 
170 
233 
234 
235 
234 
336 
335 
334 
335 
334 
335 
334 
335 
235 
236 
235 
408 
409 
322 
219 
221 
366 
427 
428 
427 
425 
490 
491 
490 
636 
635 
636 
635 
636 
652 
653 
654 
655 
654 
655 
527 
526 
525 
524 
525 
526 
527 
526 
527 
526 
681 
680 
802 
891 
892 
838 
839 
840 
841 
903 
904 
861 
862 
863 
862 
863 
864 
846 
847 
846 
845 
844 
845 
844 
845 
846 
845 
846 
845 
906 
907 
906 
905 
906 
907 
908 
857 
858 
857 
858 
859 
790 
915 
838 
948 
1075 
1076 
1077 
1153 
1154 
1155 
1227 
1226 
1225 
1226 
1129 
912 
911 
912 
921 
922 
923 
924 
923 
922 
921 
795 
796 
795 
794 
793 
794 
795 
794 
795 
794 
720 
836 
833 
832 
811 
812 
811 
812 
811 
812 
813 
744 
743 
742 
743 
733 
732 
837 
838 
839 
838 
839 
863 
864 
865 
864 
865 
866 
867 
866 
865 
866 
867 
866 
910 
911 
910 
911 
912 
911 
910 
911 
910 
909 
910 
911 
912 
772 
773 
705 
704 
705 
836 
837 
836 
837 
808 
809 
808 
809 
810 
809 
808 
809 
808 
850 
851 
850 
851 
783 
782 
813 
814 
813 
812 
741 
884 
916 
921 
922 
923 
922 
921 
922 
923 
924 
892 
891 
892 
893 
892 
893 
892 
891 
892 
893 
912 
913 
825 
826 
827 
826 
825 
826 
922 
921 
812 
811 
812 
811 
812 
811 
810 
811 
810 
719 
720 
721 
720 
721 
722 
721 
722 
723 
724 
906 
907 
906 
905 
906 
905 
904 
905 
904 
903 
904 
903 
759 
761 
759 
903 
904 
933 
932 
859 
860 
861 
801 
805 
808 
809 
810 
811 
810 
811 
812 
786 
785 
786 
688 
686 
841 
840 
841 
843 
844 
843 
844 
845 
844 
843 
844 
845 
846 
847 
698 
699 
698 
699 
698 
699 
700 
699 
700 
701 
702 
701 
702 
639 
641 
482 
483 
532 
317 
318 
322 
377 
376 
377 
378 
377 
378 
379 
380 
381 
380 
381 
380 
381 
382 
358 
482 
354 
247 
201 
202 
203 
231 
50 
107 
108 
109 
108 
109 
110 
203 
202 
203 
234 
302 
303 
412 
425 
427 
428 
429 
430 
431 
430 
579 
578 
579 
580 
579 
580 
581 
582 
583 
584 
585 
586 
587 
589 
674 
673 
674 
675 
676 
677 
678 
677 
678 
677 
676 
677 
676 
677 
678 
679 
680 
679 
678 
677 
676 
677 
678 
377 
376 
377 
378 
377 
376 
405 
404 
403 
404 
405 
404 
341 
340 
339 
340 
339 
338 
339 
340 
341 
494 
549 
613 
614 
616 
716 
